general||1000001||ankara office||0||8||8||tavsantepe mahallesi Mustafa Kemal caddesi 2.sokak no:13
pool||2||20
cardio||12||12||12||12||12||12
multi||12||12||12||12||12||12
strenght||12||12||12||12||12||12
other||12||12||12||12||12||12||112||12||12||12||12
team||34||32||32||32||32
#######################################################################################################################
general||1000001||izmir office||0||3||3||derin sokak no:3 
pool||Olympıc pool||25
cardio||3||3||3||3||3||3
multi||3||3||3||3||3||3
strenght||3||3||3||3||3||3
other||3||3||3||3||3||3||3||3||3||3||3
team||20
#######################################################################################################################
